68  => 69  ;
69  => 24  64  58  71  59  51 
           72 
           70 
           73  56 ;
71  => 64  | 71  49  64  ;
72  => 32  74  51  | ;
74  => 74  51  71  50  75  |
               71  50  75  ;
75  => 76  |
        1  60  65  63  65  61  20  76  ;
76  => 65  | 66  ;
70  => 70 
                           78  51  | ;
78  => 79 
                          72 
                          73  ;
79  => 12  64  80  50  76  51  |
                   23  64  80  51  ;
80  => 58  81  59  | ;
81  => 71  50  75  |
                  81  51  71  50  75  ;

73  => 2  82  9  ;
82  => 83  | ;
83  => 84  | 83  51  84 ;
84  => 88  62  89  |
             86  |
             73  |
             14  89  28  84  8  84  |
             33  89  6  84  ;
88  => 64  | 64  60  89  61  ;
86  => 64  | 64  58  90  59  ;

90  => 89  | 90  49  89  ;
89  => 91  |
              91  95  91  ;
91  => 92  | 94  92  |
                     91  96  92  ;
92  => 93  | 92  97  93  ;
93  => 64  | 64  58  90  59  | 98  | 58  89  59  | 19  93  ;
94  => 35  | 36  ;
96  => 35  | 36  ;
97  => 37  | 5  ;
95  => 43  | 44  | 45  | 46  | 47  | 48  ;
98  => 65  | 66 ;