70  71 ;
71  24 68 60 73 61 53  74  72  86 58 ;
73  68 ;
73   73 51 68 ;
74  32 75 53 ;
74   ;
75  75 53 73 52 76 ;
75   73 52 76 ;
76  77 ;
76   1 62 66 65 66 63 20 77 ;
77  35 ;
77   36 ;
72  72  78 53 ;
72   ;
78  79  74  86 ;
79  12 68 80 52 77 53 ;
79   23 68 80 53 ;
80  60 81 61 ;
80   ;
81  73 52 76 ;
81   81 53 73 52 76 ;
86  2 82 9 ;
82  83 ;
82   ;
83  84 ;
83   83 53 84 ;
84  87 64 88 ;
84   85 ;
84   86 ;
84   14 88 28 84 8 84 ;
84   33 88 6 84 ;
87  68 ;
87   68 62 88 63 ;
85  68 ;
85   68 60 89 61 ;
89  88 ;
89   89 51 88 ;
88  90 ;
88   90 94 90 ;
90  91 ;
90   93 91 ;
90   90 95 91 ;
91  92 ;
91   91 96 92 ;
92  68 ;
92   68 60 89 61 ;
92   97 ;
92   60 88 61 ;
92   19 92 ;
93  37 ;
93   38 ;
95  37 ;
95   38 ;
96  39 ;
96   5 ;
94  45 ;
94   46 ;
94   47 ;
94   48 ;
94   49 ;
94   50 ;
97  66 ;
97   67 ;
