0,24,2
0,73,1
1,72,1023
2,70,3
3,62,-77
3,108,4
4,62,5
5,70,7
5,75,6
6,53,8
6,63,9
7,53,-2
7,54,-2
7,63,-2
8,70,10
9,55,11
10,53,-3
10,54,-3
10,63,-3
11,2,-5
11,12,-5
11,23,-5
11,32,13
11,76,12
12,2,-32
12,12,-32
12,23,-32
12,103,14
13,70,7
13,75,15
13,77,16
14,2,-13
14,12,-13
14,23,-13
14,74,17
15,53,8
15,54,18
16,55,19
17,2,-32
17,12,-32
17,23,-32
17,103,20
18,1,23
18,35,24
18,36,25
18,78,21
18,79,22
19,2,-4
19,12,-4
19,23,-4
19,70,7
19,75,26
20,2,30
20,12,31
20,23,32
20,80,27
20,81,28
20,88,29
21,55,-7
22,55,-8
22,63,-8
23,64,33
24,55,-10
24,63,-10
25,55,-11
25,63,-11
26,53,8
26,54,34
27,55,35
28,2,-5
28,32,13
28,76,36
29,60,37
30,2,30
30,9,-23
30,11,44
30,14,45
30,26,46
30,33,47
30,70,48
30,84,38
30,85,39
30,86,40
30,87,41
30,88,42
30,90,43
31,70,49
32,70,50
33,68,51
34,1,23
34,35,24
34,36,25
34,78,52
34,79,22
35,2,-12
35,12,-12
35,23,-12
36,2,30
36,88,53
37,72,-32
37,103,54
38,9,55
39,9,-22
39,55,56
40,9,-24
40,55,-24
41,8,-27
41,9,-27
41,31,-27
41,55,-27
42,8,-28
42,9,-28
42,31,-28
42,55,-28
43,66,57
44,70,59
44,90,58
45,19,-32
45,37,-32
45,38,-32
45,39,-32
45,40,-32
45,62,-32
45,68,-32
45,69,-32
45,70,-32
45,103,60
46,2,-32
46,11,-32
46,14,-32
46,26,-32
46,33,-32
46,70,-32
46,103,61
47,19,-32
47,37,-32
47,38,-32
47,39,-32
47,40,-32
47,62,-32
47,68,-32
47,69,-32
47,70,-32
47,103,62
48,62,63
48,64,64
48,66,-44
49,54,-73
49,62,-73
49,105,65
50,55,-74
50,62,-74
50,106,66
51,67,67
52,55,-6
53,55,-14
54,72,-1
55,8,-21
55,9,-21
55,31,-21
55,55,-21
55,60,-21
56,2,-32
56,11,-32
56,14,-32
56,26,-32
56,33,-32
56,70,-32
56,103,68
57,39,74
57,40,75
57,62,76
57,68,77
57,69,78
57,70,79
57,91,69
57,95,70
57,96,71
57,97,72
57,101,73
58,66,-32
58,103,80
59,64,64
59,66,-44
60,19,84
60,37,85
60,38,86
60,39,74
60,40,75
60,62,87
60,68,77
60,69,78
60,70,79
60,91,81
60,92,82
60,93,83
60,95,70
60,96,71
60,97,72
60,101,73
61,2,30
61,11,44
61,14,45
61,26,46
61,33,47
61,70,48
61,86,88
61,87,41
61,88,42
61,90,43
62,19,84
62,37,85
62,38,86
62,39,74
62,40,75
62,62,87
62,68,77
62,69,78
62,70,79
62,91,81
62,92,82
62,93,89
62,95,70
62,96,71
62,97,72
62,101,73
63,39,74
63,40,75
63,62,76
63,63,92
63,68,77
63,69,78
63,70,79
63,91,90
63,94,91
63,95,70
63,96,71
63,97,72
63,101,73
64,39,74
64,40,75
64,62,76
64,68,77
64,69,78
64,70,79
64,91,93
64,95,70
64,96,71
64,97,72
64,101,73
65,54,-18
65,62,95
65,82,94
66,55,-18
66,62,95
66,82,96
67,68,97
68,2,30
68,11,44
68,14,45
68,26,46
68,33,47
68,70,48
68,86,98
68,87,41
68,88,42
68,90,43
69,8,-26
69,9,-26
69,31,-26
69,39,100
69,40,101
69,55,-26
69,99,99
70,0,-50
70,5,103
70,6,-50
70,8,-50
70,9,-50
70,21,-50
70,28,-50
70,29,-50
70,31,-50
70,39,-50
70,40,-50
70,41,104
70,47,-50
70,48,-50
70,49,-50
70,50,-50
70,51,-50
70,52,-50
70,53,-50
70,55,-50
70,63,-50
70,65,-50
70,100,102
71,0,-53
71,5,-53
71,6,-53
71,8,-53
71,9,-53
71,21,-53
71,28,-53
71,29,-53
71,31,-53
71,39,-53
71,40,-53
71,41,-53
71,47,-53
71,48,-53
71,49,-53
71,50,-53
71,51,-53
71,52,-53
71,53,-53
71,55,-53
71,63,-53
71,65,-53
72,62,76
72,68,77
72,69,78
72,70,79
72,95,105
72,96,71
72,101,73
73,0,-57
73,5,-57
73,6,-57
73,8,-57
73,9,-57
73,21,-57
73,28,-57
73,29,-57
73,31,-57
73,39,-57
73,40,-57
73,41,-57
73,47,-57
73,48,-57
73,49,-57
73,50,-57
73,51,-57
73,52,-57
73,53,-57
73,55,-57
73,63,-57
73,65,-57
74,62,-59
74,68,-59
74,69,-59
74,70,-59
75,62,-60
75,68,-60
75,69,-60
75,70,-60
76,39,74
76,40,75
76,62,76
76,68,77
76,69,78
76,70,79
76,91,106
76,95,70
76,96,71
76,97,72
76,101,73
77,0,-71
77,5,-71
77,6,-71
77,8,-71
77,9,-71
77,21,-71
77,28,-71
77,29,-71
77,31,-71
77,39,-71
77,40,-71
77,41,-71
77,47,-71
77,48,-71
77,49,-71
77,50,-71
77,51,-71
77,52,-71
77,53,-71
77,55,-71
77,63,-71
77,65,-71
78,0,-72
78,5,-72
78,6,-72
78,8,-72
78,9,-72
78,21,-72
78,28,-72
78,29,-72
78,31,-72
78,39,-72
78,40,-72
78,41,-72
78,47,-72
78,48,-72
78,49,-72
78,50,-72
78,51,-72
78,52,-72
78,53,-72
78,55,-72
78,63,-72
78,65,-72
79,0,-55
79,5,-55
79,6,-55
79,8,-55
79,9,-55
79,21,-55
79,28,-55
79,29,-55
79,31,-55
79,39,-55
79,40,-55
79,41,-55
79,47,-55
79,48,-55
79,49,-55
79,50,-55
79,51,-55
79,52,-55
79,53,-55
79,55,-55
79,62,107
79,63,-55
79,65,-55
80,66,108
81,39,100
81,40,101
81,47,110
81,48,111
81,49,112
81,50,113
81,51,114
81,52,115
81,98,109
81,99,99
82,0,116
82,6,-40
82,8,-40
82,9,-40
82,21,117
82,28,-40
82,31,-40
82,55,-40
82,63,-40
83,28,118
84,19,84
84,37,85
84,38,86
84,39,74
84,40,75
84,62,87
84,68,77
84,69,78
84,70,79
84,91,81
84,92,82
84,93,119
84,95,70
84,96,71
84,97,72
84,101,73
85,0,-42
85,6,-42
85,8,-42
85,9,-42
85,21,-42
85,28,-42
85,31,-42
85,55,-42
85,63,-42
86,0,-43
86,6,-43
86,8,-43
86,9,-43
86,21,-43
86,28,-43
86,31,-43
86,55,-43
86,63,-43
87,19,84
87,37,85
87,38,86
87,39,74
87,40,75
87,62,87
87,68,77
87,69,78
87,70,79
87,91,120
87,92,82
87,93,121
87,95,70
87,96,71
87,97,72
87,101,73
88,31,122
89,6,123
90,39,100
90,40,101
90,53,-48
90,63,-48
90,99,99
91,53,124
91,63,125
92,8,-46
92,9,-46
92,31,-46
92,55,-46
93,39,100
93,40,101
93,65,126
93,99,99
94,54,127
95,70,7
95,75,128
95,83,129
96,55,130
97,65,131
98,9,-25
98,55,-25
99,62,76
99,68,77
99,69,78
99,70,79
99,95,132
99,96,71
99,101,73
100,62,-61
100,68,-61
100,69,-61
100,70,-61
101,62,-62
101,68,-62
101,69,-62
101,70,-62
102,62,76
102,68,77
102,69,78
102,70,79
102,96,133
102,101,73
103,62,-64
103,68,-64
103,69,-64
103,70,-64
104,62,-63
104,68,-63
104,69,-63
104,70,-63
105,0,-51
105,5,103
105,6,-51
105,8,-51
105,9,-51
105,21,-51
105,28,-51
105,29,-51
105,31,-51
105,39,-51
105,40,-51
105,41,104
105,47,-51
105,48,-51
105,49,-51
105,50,-51
105,51,-51
105,52,-51
105,53,-51
105,55,-51
105,63,-51
105,65,-51
105,100,102
106,39,100
106,40,101
106,63,134
106,99,99
107,39,74
107,40,75
107,62,76
107,68,77
107,69,78
107,70,79
107,91,90
107,94,135
107,95,70
107,96,71
107,97,72
107,101,73
108,39,74
108,40,75
108,62,76
108,68,77
108,69,78
108,70,79
108,91,136
108,95,70
108,96,71
108,97,72
108,101,73
109,39,74
109,40,75
109,62,76
109,68,77
109,69,78
109,70,79
109,91,137
109,95,70
109,96,71
109,97,72
109,101,73
110,39,-65
110,40,-65
110,62,-65
110,68,-65
110,69,-65
110,70,-65
111,39,-66
111,40,-66
111,62,-66
111,68,-66
111,69,-66
111,70,-66
112,39,-67
112,40,-67
112,62,-67
112,68,-67
112,69,-67
112,70,-67
113,39,-68
113,40,-68
113,62,-68
113,68,-68
113,69,-68
113,70,-68
114,39,-69
114,40,-69
114,62,-69
114,68,-69
114,69,-69
114,70,-69
115,39,-70
115,40,-70
115,62,-70
115,68,-70
115,69,-70
115,70,-70
116,19,-32
116,37,-32
116,38,-32
116,39,-32
116,40,-32
116,62,-32
116,68,-32
116,69,-32
116,70,-32
116,103,138
117,19,-32
117,37,-32
117,38,-32
117,39,-32
117,40,-32
117,62,-32
117,68,-32
117,69,-32
117,70,-32
117,103,139
118,2,-32
118,11,-32
118,14,-32
118,26,-32
118,33,-32
118,70,-32
118,103,140
119,6,-38
119,8,-38
119,9,-38
119,28,-38
119,31,-38
119,55,-38
119,63,-38
120,39,100
120,40,101
120,47,110
120,48,111
120,49,112
120,50,113
120,51,114
120,52,115
120,63,134
120,98,109
120,99,99
121,63,141
122,19,-76
122,37,-76
122,38,-76
122,39,-76
122,40,-76
122,62,-76
122,68,-76
122,69,-76
122,70,-76
122,107,142
123,2,-32
123,11,-32
123,14,-32
123,26,-32
123,33,-32
123,70,-32
123,103,143
124,39,74
124,40,75
124,62,76
124,68,77
124,69,78
124,70,79
124,91,144
124,95,70
124,96,71
124,97,72
124,101,73
125,8,-47
125,9,-47
125,31,-47
125,55,-47
126,66,-45
127,35,24
127,36,25
127,79,145
128,53,8
128,54,146
129,55,147
129,63,148
130,2,-16
130,32,-16
131,20,149
132,0,-52
132,5,103
132,6,-52
132,8,-52
132,9,-52
132,21,-52
132,28,-52
132,29,-52
132,31,-52
132,39,-52
132,40,-52
132,41,104
132,47,-52
132,48,-52
132,49,-52
132,50,-52
132,51,-52
132,52,-52
132,53,-52
132,55,-52
132,63,-52
132,65,-52
132,100,102
133,0,-54
133,5,-54
133,6,-54
133,8,-54
133,9,-54
133,21,-54
133,28,-54
133,29,-54
133,31,-54
133,39,-54
133,40,-54
133,41,-54
133,47,-54
133,48,-54
133,49,-54
133,50,-54
133,51,-54
133,52,-54
133,53,-54
133,55,-54
133,63,-54
133,65,-54
134,0,-58
134,5,-58
134,6,-58
134,8,-58
134,9,-58
134,21,-58
134,28,-58
134,29,-58
134,31,-58
134,39,-58
134,40,-58
134,41,-58
134,47,-58
134,48,-58
134,49,-58
134,50,-58
134,51,-58
134,52,-58
134,53,-58
134,55,-58
134,63,-58
134,65,-58
135,53,124
135,63,150
136,29,151
136,39,100
136,40,101
136,99,99
137,0,-41
137,6,-41
137,8,-41
137,9,-41
137,21,-41
137,28,-41
137,31,-41
137,39,100
137,40,101
137,55,-41
137,63,-41
137,99,99
138,19,84
138,37,85
138,38,86
138,39,74
138,40,75
138,62,87
138,68,77
138,69,78
138,70,79
138,91,81
138,92,82
138,93,152
138,95,70
138,96,71
138,97,72
138,101,73
139,19,84
139,37,85
139,38,86
139,39,74
139,40,75
139,62,87
139,68,77
139,69,78
139,70,79
139,91,81
139,92,82
139,93,153
139,95,70
139,96,71
139,97,72
139,101,73
140,2,30
140,11,44
140,14,45
140,26,46
140,33,47
140,70,48
140,86,154
140,87,41
140,88,42
140,90,43
141,6,-39
141,8,-39
141,9,-39
141,28,-39
141,31,-39
141,55,-39
141,63,-39
142,19,84
142,37,85
142,38,86
142,39,74
142,40,75
142,62,87
142,68,77
142,69,78
142,70,79
142,91,81
142,92,82
142,93,155
142,95,70
142,96,71
142,97,72
142,101,73
143,2,30
143,11,44
143,14,45
143,26,46
143,33,47
143,70,48
143,86,156
143,87,41
143,88,42
143,90,43
144,39,100
144,40,101
144,53,-49
144,63,-49
144,99,99
145,55,157
146,1,23
146,35,24
146,36,25
146,78,158
146,79,22
147,70,7
147,75,159
148,54,-17
148,55,-17
149,35,24
149,36,25
149,79,160
150,0,-56
150,5,-56
150,6,-56
150,8,-56
150,9,-56
150,21,-56
150,28,-56
150,29,-56
150,31,-56
150,39,-56
150,40,-56
150,41,-56
150,47,-56
150,48,-56
150,49,-56
150,50,-56
150,51,-56
150,52,-56
150,53,-56
150,55,-56
150,63,-56
150,65,-56
151,39,74
151,40,75
151,62,76
151,68,77
151,69,78
151,70,79
151,91,161
151,95,70
151,96,71
151,97,72
151,101,73
152,6,-37
152,8,-37
152,9,-37
152,28,-37
152,31,-37
152,55,-37
152,63,-37
153,6,-36
153,8,-36
153,9,-36
153,28,-36
153,31,-36
153,55,-36
153,63,-36
154,8,162
154,55,163
155,8,-75
155,9,-75
155,31,-75
155,55,-75
156,8,-33
156,9,-33
156,31,-33
156,55,-33
157,2,-15
157,32,-15
158,55,-19
158,63,-19
159,53,8
159,54,164
160,55,-9
160,63,-9
161,6,165
161,39,100
161,40,101
161,99,99
162,2,-31
162,11,-31
162,14,-31
162,26,-31
162,33,-31
162,70,-31
162,104,166
163,8,-29
163,9,-29
163,31,-29
163,55,-29
164,1,23
164,35,24
164,36,25
164,78,167
164,79,22
165,2,-35
165,11,-35
165,14,-35
165,26,-35
165,33,-35
165,70,-35
165,102,168
166,2,-32
166,11,-32
166,14,-32
166,26,-32
166,33,-32
166,70,-32
166,103,169
167,55,-20
167,63,-20
168,2,30
168,11,44
168,14,45
168,26,46
168,33,47
168,70,48
168,86,170
168,87,41
168,88,42
168,90,43
169,2,30
169,11,44
169,14,45
169,26,46
169,33,47
169,70,48
169,86,171
169,87,41
169,88,42
169,90,43
170,8,-34
170,9,-34
170,31,-34
170,55,-34
171,8,-30
171,9,-30
171,31,-30
171,55,-30
